1 4 16 64
CSHIFT 3
sinsmall
0.83 0.86 0.93 0.90 0.96
0.75 0.70 0.68 0.61 0.75
0.35 0.41 0.40 0.36 0.45
0.30 0.36 0.33 0.20 0.22
sinmedium
1.56 1.69 1.47 1.62 1.76
1.32 1.62 1.30 1.38 1.49
0.74 0.82 0.60 0.60 0.78
0.43 0.56 0.40 0.40 0.59
sinlargue
7.72 8.70 7.66 7.53 8.09
7.52 7.54 7.08 6.53 6.76
3.93 4.36 4.41 2.62 2.76
0.91 1.00 0.84 0.88 1.08
INTERF 3
sinsmall
0.49 0.42 0.49 0.51 0.35
0.35 0.50 0.57 0.41 0.47
0.27 0.18 0.22 0.20 0.29
0.14 0.12 0.23 0.10 0.13
sinmedium
0.99 1.10 1.15 0.98 1.10
0.93 1.18 1.21 0.99 0.95
0.49 0.54 0.54 0.45 0.41
0.32 0.50 0.32 0.32 0.37
sinlargue
5.28 5.84 5.31 5.86 5.47
5.49 5.68 5.21 4.21 4.90
3.04 3.23 3.36 1.92 1.76
0.62 0.49 0.64 0.66 0.87
POTENG 3
sinsmall
0.15 0.15 0.11 0.15 0.10
0.12 0.11 0.13 0.08 0.09
0.04 0.09 0.03 0.04 0.03
0.04 0.01 0.00 0.04 0.02
sinmedium
0.29 0.26 0.26 0.32 0.31
0.28 0.24 0.24 0.25 0.40
0.12 0.14 0.12 0.11 0.20
0.11 0.12 0.04 0.07 0.09
sinlargue
1.38 1.22 1.36 1.33 1.13
1.32 1.18 1.39 1.02 1.20
0.81 0.91 0.89 0.39 0.38
0.15 0.22 0.23 0.24 0.16
