1 4 16 32 
2000
0.37 0.357 0.369 0.375 0.373
0.406 0.432 0.421 0.432 0.421
1.001 0.914 0.917 0.929 0.954
2.106 2.113 2.11 2.169 2.241
6000
0.368 0.365 0.366 0.362 0.186
0.427 0.421 0.42 0.425 0.433
0.964 0.909 0.955 0.922 0.954
2.085 2.168 2.322 2.118 2.183
10000
0.37 0.364 0.349 0.362 0.338
0.451 0.408 0.42 0.437 0.418
1.001 0.96 1.031 0.979 0.969
2.115 2.088 2.13 2.223 2.317
14000
0.369 0.361 0.366 0.372 0.345
0.409 0.406 0.407 0.409 0.391
1.001 0.932 0.923 0.941 0.947
2.919 2.519 2.853 2.149 2.119
